7897849609104
7894494752810
7908209807709
7898248392635
7908458332533
4005900647481
7896830000661
7898418036130
7897512904390
7898947170619
7891317031015
7898468503743
7898258620902
7898934931179
7896658011412
7897316800300
7898741805755
6976583140027
7898608953292
13154145347538
7896251804695
7894916144971
7891027306298
7898447975899
7896013557111
7908448005348
7908083529360
7908044743590
7898008550220
7891033862979
7908040468763
7894222042398
7891027069872
7896013562689
7908038600557
7891321100394
7891033515509
7909438017815
7891321102466
7896033233965
7890688161284
7896033290265
7898258622661
7898179823024
7908169032685
7894222020075
7896644701013
7898662452915
7448070230805
4005900455901
3454090003460
7900083003451
7899788409289
7900083015386
7899850329033
6931627000378
7891033933990
7898662450218
7896049509931
7908077453022
7899083119180
7897779825100
7898610372579
6932159605505
7898447978463
7898744782930
7896004711454
7897517906375
7891033856459
7898286940676
7896279112871
7897027219729
7908542612541
7908077449049
7896658026362
7896004720241
7898405063644
7898483150618
7891000312919
7898008554259
7896523201986
7898556756679
8715200813061
9786561022552
7896004702360
7898302727939
7898623951174
7895155792671
7898158693112
7898610374191
7898211380911
7909438042534
4902505482076
7891000248775
7897411602311
6931627000040
7891182018623
7896111998984
7896025524873
7908448005706
7899706198325
7899583201101
7908704504134
7896211806356
7898758082477
731509992878
7899852021867
7891173023001
7899852020174
7896006219248
7891045038386
7899808852941
7896279129312
7898958060749
7896004700427
7896004713021
7898970341017
7898483150175
7896013506447
7894916145114
7896213131319
7896509955100
7896111994955
7898212285208
7898947170480
6920897618161
7899820800975
7896641817618
7894222037042
7896029603871
7898631558044
7897517920098
7891024186244
7897900317627
7896311777075
7891321108222
7908346903906
7896852630686
7898617521819
7900083012422
7899264376852
7891350039849
7899753556758
7897779716101
7908040487238
7897042020294
7896902211902
7896637025423
7896025522381
7891027396008
7900083002102
7899852025742
7896181924173
7898662450362
7896658010187
7897799802594
789005765000
7891024131756
7898212288650
7898932370888
7897517920371
7791293040394
7896380606559
8902220105935
7898639305718
7897779741103
7896025527201
7896111913611
7894494127793
7908448003306
7899753553450
7891350048599
7896085833243
7898965535544
7896150019510
731509992540
7895800002933
7909438011349
7899788400064
7908040493093
7898570571678
17891321108694
7908671602215
17896673193336
7897473205772
7896181901198
7898610378120
7909883345778
8428235025322
6932159604614
7896046713133
7898566291979
7894494000508
7899753558783
7897517921057
7899751104012
7894916146074
7898970341208
7898671427836
7896033241908
7899014950561
7898671423012
7898258620865
7897572000100
7891075010239
7909438045214
7898132982409
7898212282597
7898965666989
7896380605088
7908038605156
7899938600528
7898169080611
7897237312111
7898079002963
7897144956729
17897517909656
7909438043487
7896852618103
7898078318225
7891155054139
7896952567424
7898683860010
7892940000317
7898658624944
17908414434834
7908470004814
7898698744725
7898952577700
7898588329063
7897464700255
7899808871614
731509997828
7898506252817
7908077468781
7896644716024
7891027324995
7891027291839
7896261402676
7891134004544
7891360656234
7898588321289
7898683860034
7891360559160
7893454100654
7897876108113
7896658037917
7897076911551
7898958119140
7891027537449
7898970162810
7891150055162
7891360587460
7898135701540
7899852022413
4005900345301
7899083119319
94554847
7896006202066
7898671425344
7897517906689
7896111970966
7898132985783
7891653014024
7900083016109
7899095258747
7894222038803
7898447977749
7896025511484
7898644471521
7891040149315
7908458306589
7898222832829
7896965250788
7896004731308
7908209802353
7896326962510
7896025515086
7898562356757
7898935462023
7908609044575
8903908000016
7897595602527
7500435239417
7896004746388
7898168000290
7702045538755
7908458326716
6954525205003
7897517917371
7908458326204
7898610377024
7896094903036
7898671425511
7896094209602
7891155075196
7896964625136
7897779706102
7897930777651
7898132987657
7898652370885
7898527127217
7908040476638
7896033234115
7896380605880
7896025522893
7898943477118
7898172860248
7897775672012
7899753551203
7891158105227
7896644715867
7898760940734
78929395
7897517907204
7891033486212
7908882200378
7896094903753
7891058021955
7898741530534
7896111901212
7891024042229
7898569765514
7891317452650
7896603846250
7898405061107
7896079811387
7899852020334
7891027005931
7898623951167
7899753551081
7898563360821
7898744782510
7897042015252
7894494000485
7891055631003
4005808881512
7898506255139
7898460973032
7908209809772
7896075760528
7898447974342
7894494583667
7891027538804
7908209803077
7891024131152
7894222010717
7896212421039
7898944073609
7897620001905
7896016807206
7898944500358
7897476687681
7898413661474
67897256244303
7908458308514
7622300862282
7898593053397
7899013502013
7896112104407
7891360622765
602883022836
7898283814505
7896326962473
7898660599971
7891150070851
7896004720869
0602883749412
7898671429175
7896004703428
99967161
7896033212977
731509754858
7891360697183
7891360629573
7891033480951
7896603803109
7891350045659
7891360682011
7897832814164
7898449393554
7899706139038
7896111998076
7898671424576
7898157616235
7897256262091
7898197415638
7896002911245
8429420184077
7899583200982
7898947387086