7898430193989
7896025514454
7898283856987
7896111994832
7899753544939
7891360677239
7894494128011
7622210857071
7509546687902
7900083016611
7908038605156
0602883749399
7891027120412
7891150094840
7899783602173
7896036546819
7898460972936
7894222040097
7908458321902
7894916143448
7908660200729
7891024034804
7896132134293
7896004729206
7898483151448
7898506254668
7908040486941
7898506258697
7898184464281
7897832862554
7500435017046
7896025538481
7891033534715
7897256239239
7898078761601
7909438044712
7897698221038
7891033494583
7891317014308
7898662451352
7896006201076
7894222019789
7896609545591
7896025539907
7898132980610
7896647009888
7891158101830
7899852024653
7898952577403
7898952577137
7896180302088
7891360587507
7898610370636
17891321104184
7896004778921
42360407
27897027272018
7898421993581
7891075080218
7897517907518
7895155671044
7899420507472
7899898402927
7908038605064
7908448005577
7896020163114
7899852027111
7891334101050
4902505482038
7891173025074
7500435125307
7896852622285
8712400778640
7898662452465
7896181926603
7899640808373
7908016619465
7891360585220
7898583470203
7896359025138
7908458322022
7891317412692
7899572805808
6966952404164
7898322342242
7898079001355
194099
7896644716215
7908209809871
7899744050975
7899808802366
7898502734027
7898184464410
7896111907665
7896033212786
7898352912224
7896647009048
6931759212762
7896714221847
7899783600971
7898008552194
7897562238339
7896013547624
7898258623170
7908985800970
7899788407780
7896036540015
7896422500500
7898903703011
7891040155927
7896222720535
731509673609
7891350045260
7908077444839
7898944073296
7894916512787
7900083011814
7892994127640
7891027398859
7899869200026
7896852611012
7891360574200
7897027201236
7892840823030
7896181927570
7896006214601
7892702711598
7908422600613
7892607221253
42389248
7898483151028
7898132847531
7896085872525
7897517904012
7908209807624
7898662451086
7897460400357
7894494130304
7898660592767
7908497404987
7896509976808
7898781566678
7898265325180
6980268615069
8710103911937
7898483152032
7908353601437
7909438009872
7896253902191
7898170657079
7896852618059
7898715814066
7898417963093
7896004751016
7898915932119
7896624203513
7899588007968
7898079000235
7896075709190
7908083522187
7898907206013
887961970753
7898623240827
7898911494390
7896830000661
7908209808317
7898944524811
7898966463303
7898588326314
6001159118985
7896036548707
7896342452941
7896200706131
7908312127183
7896380602995
7898664970943
7909438009544
7899506132925
7898666422518
7898666420477
7898671424705
9786561022552
7908083524310
7898741800439
7897076907608
7896004739663
7898911689673
7898286541613
0070341071885
7898738761033
7899652101820
7897595634924
7898945443432
7896094202719
7896644701976
7899583200067
7892840819576
7896132127295
8411061944684
7897386781394
7896640430658
7898960833638
7898499242833
7908040459020
7898632476194
7909883260484
17897517909595
7894222021645
7897237311954
7894916144971
7898965666583
7898608957900
6932159609381
7896025502734
7894916505147
7908236576081
887961376777
7891150087309
00456832880005
7891321069813
4005900957726
7898021632415
7891158103353
7898647923799
7793100151224
7898744780905
7898744782510
7896572013851
7790085472245
7891360622772
7898934593698
178913213317
7898629149025
7898281098310
7908439800150
7898647927599
7898556756341
7898132987671
7896036521014
17896012880002
7896111913642
7897832888585
7897731122018
7894494300530
6973094274241
7890311856808
7808523029504
7896025505629
17891321330613
7899852018164
7908083520831
7908346903883
7896658035432
7898212284331
8720689013796
7896036541159
7897731170002
7898760140066
6939020450943
7899455904543
17898681350107
7891033910007
7897517917548
7897731122070
7896079811288
7898502738759
9788537633892
7898744782541
7896033204927
7898060137544
7896641808548
7898523202000
7908083514922
7898132847050
7896438510463
7899753543956
7898567794486
7898647929272
6932159609374
7899095202733
7898915934694
81802982
7898599214464
7896676422269
731509993592
7891321068342
7896603805165
7908040476515
7898556850582
7898449082892
7898095297169
7908132209540
7891360639626
7908209801905
7898009439845
7898265324169
7899838832845
7891118025664
7897517933401
7894222036274
7898078761656
7908346901025
7500435146913
0000078915640
7892832959815
7891800648539
7896033293815
7896090611874
7896092002083
78600027
7898079009559
7908439805506
7898258623927
7898055421818
7908077449018
7896116109408
7702045538557
0789888134686
7898273123020
7896658018954
7891033871551
17891321101923
7898650626625
7896603804038
7899783600575
7898952577458
7898589682501
7908823500048
7899252022211
4046504230198
7896852615676
7898662451284
7898547242907
7897517928421
7899095244146
7894222019802
7891027307585
6932159608872
7898212284683
7897779733108
7898447977930
7891060855777
7896111996836
7909883022532
7898632476699
7899820800937
7891027340742
7891182996563
7898588327564
7896497502119
4006381401104
7896044998808
7891027352967
7897517932800
7899572812134
7908083528011
7899738900187
7896004726533
7896093002471
7896006220510
7896111950302
070341341148
7897512902198
7898934595500
7896004701967
7908236800124
7896902200692
7898636192458
7898570573702
7897848728004
7897876108120
7896004752921
7891360658870
7896090611898
7908248100151
7891033492916
7891033718689
7898741951490
731509991888
7896061951428
7891033930678
7909438042084
7896023737459
7898903991524
7896235353720
7896004733531
7891033078417
7896033201780
6932159608520
7897512900910
17891321110185
7898589684253
7896444601995