7891155050094
7896444601995
7896676415797
7896451911582
7896025541412
7891000107836
7908077445997
7898078313879
7897744504856
7896261000018
7896013549543
7899970401206
7891240002755
7891033517855
7506195133491
7898671424583
7896150018490
7896380606696
7898760940932
7898258621688
7896641806056
7898570572408
7891058006259
7898639063359
7896444601353
7894916147729
7908615012049
7909883126216
7896658038716
7899918921018
7898258622630
7896444602800
7897256264743
7898671425337
7898647921924
7898474841273
7896637022903
7908458317332
7894494192012
6980331110163
6932159608513
7898582680221
7908346900691
7908542612459
7896111985571
7897230303642
7896036543610
7891033510658
7896013569817
7891153073224
7891150037274
7898031310174
7896637029117
7899783600780
7898610375525
7899014900313
7897512904383
7899085698188
7898741804444
7894916372787
7899852013404
7896075709343
7896042077123
7898472262605
7896885202911
7892840822828
7891033517848
7908083520411
7896111906507
7892687812303
7899783600360
7898994336112
7897169202597
7898447973802
7891150068537
7891317412708
7896472521883
7896422517621
7898506256242
7908040481472
7908083512683
7898934930585
7896033231992
6941690703441
7899783602388
7898906376632
8903855078618
7891024114346
7896798603775
7891350044874
6932159610561
7702045538762
7891321107522
7896261006553
7898962892909
7891317043704
7908458332984
7898647925786
7898590650216
7908040449915
7891027293512
7898646541420
7896181921523
7898650621217
7898225529061
7891116169544
7908148524934
7898119186103
7908458336456
7898048131243
7891634011042
7891027152529
7896036543214
7899455904543
7908209808515
7908209806986
7898650621866
7896108560460
7898170656003
7897027201236
7898483152117
7899753551579
7897562200336
7896902212558
7898211383288
7896132132992
7891321101803
17898696040482
7898623243514
7896036540022
7898302727953
10910030
7898948960677
7898132989392
7898212285291
7899588012269
7898631555852
7897530101092
7909883386818
7896112102519
7899984402268
7898524347007
6926641031385
7908040476782
7898481400135
17891321230265
7898410319958
7897517928094
7891060943443
7896331706833
6920200913020
7791293011769
7898506721832
731509752748
7899852015590
7898591450709
7891360651000
7898664978642
7898610372463
7898132987114
7896380660926
7896326957578
7501007455112
7896049502567
7898157616280
7896020160168
6931759244534
7897705203224
7896016105036
7896025531062
7908823500048
7908083523023
7898132847524
7908209804890
7894222042909
4064666318356
7897840300734
731509994797
7896111947722
7900083001853
7897517906368
7891653011122
7909438047638
7898506258963
7909883168018
7898647920163
7891023545172
731509974560
7898741530473
7898595463064
7894222021799
7896637035460
7899783601343
7898662451277
7908512700568
7891155020257
7896025523708
7898647923799
6973094272001
7891268103175
7908083512089
7898664970844
7891360677239
7896033203340
7898095296018
7896181927297
7891027338985
6973094271417
7891000399590
7897517902902
7909107543058
7896484110365
7897237311558
7897027210276
7898944075276
7896183313739
7908040492256
17891321320065
7891360587460
7898170657000
7891150031746
7897027272038
7898588321685
7898647924260
7891027359393
7897027240747
7896180300718
7897833700206
7891033793778
7908209805798
7897517917586
7899360264244
7898662436731
17896914011214
7898758083610
7909438011318
7908470026090
7896637035453
7891800332629
7898426278843
7898556752954
7892692812541
7896111913833
7898741951506
7891055633908
7896317906165
7898132980672
6202103510026
1738
7891027105501
7908458320424
7908346900127
7899783602173
7899583203204
7891106908498
7896004701943
7896092002106
7897832888585
7896004746388
7898650621712
7891317020538
7898970341505
7896013557456
7895296105040
7891360653813
7898608950918
7898212286670
7896235353850
7896342400904
7891000142202
7898770683164
7898301059017
7898943477965
37908215502101
7898610370506
7896020164166
7896311773282
731509974645
7891027070106
7908458305384
7896114312879
7896023779459
7896497503956
7896509911823
7896964627468
7894494695896
7898126407796
7898148298037
7908169010591
7898608958778
7891027047771
7898741530404
7898671422633
7898610375334
7908439801416
7896004700410
7897256296386
7898944500303
7908083521036
7891317014155
7908376801241
7898949256045
7897027223177
7898411813127
7897169236868
7896094903234
7898608952943
7897230303680
7896006297963
7896036548127
7908324400861
7898567750260
7894970851204
731509990508
7898405065471
7898664970554
7898949409564
7898741530534
7891040216130
6931759249102
7908134200071
7899420506772
7899360264411
7898410315035
7898944500631
7898599217144
7891058005788
7897424080335
7896902286306
7898405068663
7896444606365
7899869200828
7897517918118
17891321104214
7891027069681
7899706198332
7899852019147
7896714280707
7898086992080
7891150060722
7896013543657
6920898818164
7898474844205
7896111904527
7892680335069
6932159601767
736532021939
9788538097785
8903908000016
7891200009091
7894222010809
7896042082745
7898212280470
6903612145111
7898949149699
6931759214070
7897476606330
7896115703577
7898666420378
7896965214742
7896111945001
7896676435580
7896111991473
7896033212335
7622210527837
7896075760443
39325365
7896226105192
7892953001288
7908458327898
7898632473339
7891350036718
7897780207650
7908334505174
7891150043237
7898617524322
7891106906012
7898286940584
7891027234560
7899583203716
7500435128940
0070341336588
7896025528345
7909189317912
7790085472276
7898352911555
7896382708183
7898265325173
7897027201229
7896033233934